-5 0.962424 1.92485 1.44364 0.924152
-4.99 0.957938 1.92336 1.44065 0.895214
-4.98 0.953425 1.92186 1.43764 0.587701
-4.97 0.948885 1.92036 1.43462 0.900966
-4.96 0.944316 1.91887 1.43159 0.91941
-4.95 0.939719 1.91736 1.42854 0.916094
-4.94 0.935093 1.91586 1.42548 0.885602
-4.93 0.930438 1.91436 1.4224 0.000940319
-4.92 0.925753 1.91285 1.4193 0.926684
-4.91 0.921037 1.91134 1.41619 0.000580215
-4.9 0.916291 1.90982 1.41306 0.899037
-4.89 0.911513 1.90831 1.40991 0.894967
-4.88 0.906704 1.90679 1.40675 0.896571
-4.87 0.901862 1.90527 1.40357 0.87437
-4.86 0.896987 1.90375 1.40037 0.899542
-4.85 0.892079 1.90222 1.39715 0.896386
-4.84 0.887137 1.90069 1.39392 0.902089
-4.83 0.88216 1.89916 1.39066 0.863661
-4.82 0.877147 1.89763 1.38739 0.918607
-4.81 0.872099 1.8961 1.3841 0.886256
-4.8 0.867015 1.89456 1.38079 0.919802
-4.79 0.861893 1.89302 1.37746 0.895816
-4.78 0.856733 1.89148 1.3741 0.896549
-4.77 0.851535 1.88993 1.37073 0.891515
-4.76 0.846297 1.88838 1.36734 0.887344
-4.75 0.841019 1.88683 1.36393 0.914154
-4.74 0.835701 1.88528 1.36049 0.764918
-4.73 0.83034 1.88373 1.35703 0.00445648
-4.72 0.824937 1.88217 1.35355 0.901169
-4.71 0.819491 1.88061 1.35005 0.857877
-4.7 0.814 1.87905 1.34652 0.841901
-4.69 0.808464 1.87748 1.34297 0.00182108
-4.68 0.802882 1.87591 1.3394 0.0018258
-4.67 0.797253 1.87434 1.3358 0.863563
-4.66 0.791575 1.87277 1.33217 0.00423754
-4.65 0.785848 1.8712 1.32852 0.0028267
-4.64 0.780071 1.86962 1.32484 0.886798
-4.63 0.774242 1.86804 1.32114 0.892227
-4.62 0.76836 1.86645 1.31741 0.868156
-4.61 0.762424 1.86487 1.31365 0.759028
-4.6 0.756433 1.86328 1.30986 0.862509
-4.59 0.750385 1.86169 1.30604 0.00338523
-4.58 0.744279 1.86009 1.30219 0.841045
-4.57 0.738113 1.8585 1.29831 0.00773144
-4.56 0.731887 1.8569 1.29439 0.00201391
-4.55 0.725597 1.8553 1.29045 0.00147415
-4.54 0.719243 1.85369 1.28647 0.00288425
-4.53 0.712823 1.85208 1.28245 0.0015982
-4.52 0.706335 1.85047 1.2784 0.00272923
-4.51 0.699777 1.84886 1.27432 0.00300103
-4.5 0.693147 1.84725 1.2702 0.0057282
-4.49 0.686443 1.84563 1.26604 0.00654046
-4.48 0.679663 1.84401 1.26183 0.00653112
-4.47 0.672804 1.84238 1.25759 0.00459275
-4.46 0.665864 1.84076 1.25331 0.00393493
-4.45 0.65884 1.83913 1.24898 0.00191532
-4.44 0.651729 1.83749 1.24461 0.00247518
-4.43 0.64453 1.83586 1.24019 0.0265776
-4.42 0.637237 1.83422 1.23573 0.00516803
-4.41 0.62985 1.83258 1.23122 0.0135099
-4.4 0.622363 1.83094 1.22665 0.0518407
-4.39 0.614773 1.82929 1.22203 0.0689863
-4.38 0.607076 1.82764 1.21736 0.164075
-4.37 0.599269 1.82599 1.21263 0.148569
-4.36 0.591346 1.82434 1.20784 0.166568
-4.35 0.583303 1.82268 1.20299 0.214414
-4.34 0.575136 1.82102 1.19808 0.300024
-4.33 0.566837 1.81935 1.1931 0.316262
-4.32 0.558402 1.81769 1.18804 0.316074
-4.31 0.549825 1.81602 1.18292 0.316725
-4.3 0.541097 1.81435 1.17772 0.317763
-4.29 0.532213 1.81267 1.17244 0.31094
-4.28 0.523164 1.81099 1.16708 0.299345
-4.27 0.51394 1.80931 1.16163 0.307808
-4.26 0.504534 1.80763 1.15608 0.304803
-4.25 0.494933 1.80594 1.15044 0.310777
-4.24 0.485127 1.80425 1.14469 0.29105
-4.23 0.475102 1.80255 1.13883 0.305399
-4.22 0.464845 1.80086 1.13285 0.311947
-4.21 0.45434 1.79916 1.12675 0.306843
-4.2 0.443568 1.79746 1.12051 0.301928
-4.19 0.432511 1.79575 1.11413 0.301077
-4.18 0.421145 1.79404 1.10759 0.295651
-4.17 0.409445 1.79233 1.10089 0.3013
-4.16 0.39738 1.79062 1.094 0.294158
-4.15 0.384918 1.7889 1.08691 0.287152
-4.14 0.372017 1.78718 1.0796 0.273928
-4.13 0.35863 1.78545 1.07204 0.260936
-4.12 0.344701 1.78373 1.06421 0.250304
-4.11 0.330161 1.78199 1.05608 0.238267
-4.1 0.314925 1.78026 1.04759 0.225756
-4.09 0.298886 1.77852 1.03871 0.212715
-4.08 0.281908 1.77678 1.02935 0.199007
-4.07 0.263809 1.77504 1.01943 0.18452
-4.06 0.244341 1.77329 1.00882 0.169051
-4.05 0.223144 1.77154 0.997344 0.152241
-4.04 0.199668 1.76979 0.98473 0.133542
-4.03 0.172989 1.76804 0.970512 0.112772
-4.02 0.141304 1.76628 0.95379 0.0880393
-4.01 0.0999584 1.76451 0.932236 0.0563914
-4 1.46001e-07 1.76275 0.881374 -0.0001
-3.99 0 1.76098 0.880489 -0.0001
-3.98 0 1.7592 0.879602 -0.0001
-3.97 0 1.75743 0.878714 -0.0001
-3.96 0 1.75565 0.877825 -0.0001
-3.95 0 1.75387 0.876933 -0.0001
-3.94 0 1.75208 0.87604 -0.0001
-3.93 -0.0001 1.75029 0.875145 -0.0001
-3.92 0 1.7485 0.874249 -0.0001
-3.91 0 1.7467 0.873351 -0.0001
-3.9 0 1.7449 0.872451 -0.0001
-3.89 0 1.7431 0.871549 -0.0001
-3.88 -0.0001 1.74129 0.870646 -0.0001
-3.87 -0.0001 1.73948 0.869741 -0.0001
-3.86 0 1.73767 0.868834 -0.0001
-3.85 0 1.73585 0.867925 -0.0001
-3.84 0 1.73403 0.867015 -0.0001
-3.83 0 1.73221 0.866103 -0.0001
-3.82 0 1.73038 0.865189 -0.0001
-3.81 0 1.72855 0.864273 -0.0001
-3.8 -0.0001 1.72671 0.863355 -0.0001
-3.79 -0.0001 1.72487 0.862436 -0.0001
-3.78 0 1.72303 0.861515 -0.0001
-3.77 -0.0001 1.72118 0.860592 -0.0001
-3.76 0 1.71933 0.859667 -0.0001
-3.75 -0.0001 1.71748 0.858741 -0.0001
-3.74 -0.0001 1.71562 0.857812 -0.0001
-3.73 0 1.71376 0.856882 -0.0001
-3.72 0 1.7119 0.85595 -0.0001
-3.71 0 1.71003 0.855016 -0.0001
-3.7 -0.0001 1.70816 0.85408 -0.0001
-3.69 0 1.70629 0.853143 -0.0001
-3.68 0 1.70441 0.852203 -0.0001
-3.67 0 1.70252 0.851262 -0.0001
-3.66 0 1.70064 0.850318 -0.0001
-3.65 0 1.69875 0.849373 -0.0001
-3.64 0 1.69685 0.848426 -0.0001
-3.63 0 1.69495 0.847477 -0.0001
-3.62 -0.0001 1.69305 0.846526 -0.0001
-3.61 -0.0001 1.69115 0.845573 -0.0001
-3.6 0 1.68924 0.844618 -0.0001
-3.59 -0.0001 1.68732 0.843661 -0.0001
-3.58 0 1.6854 0.842702 -0.0001
-3.57 -0.0001 1.68348 0.841741 -0.0001
-3.56 0 1.68156 0.840778 -0.0001
-3.55 0 1.67963 0.839814 -0.0001
-3.54 -0.0001 1.67769 0.838847 -0.0001
-3.53 0 1.67576 0.837878 -0.0001
-3.52 0 1.67381 0.836907 -0.0001
-3.51 0 1.67187 0.835934 -0.0001
-3.5 0 1.66992 0.83496 -0.0001
-3.49 -0.0001 1.66797 0.833983 -0.0001
-3.48 0 1.66601 0.833004 -0.0001
-3.47 0 1.66405 0.832023 -0.0001
-3.46 -0.0001 1.66208 0.831039 -0.0001
-3.45 0 1.66011 0.830054 -0.0001
-3.44 0 1.65813 0.829067 -0.0001
-3.43 -0.0001 1.65616 0.828078 -0.0001
-3.42 0 1.65417 0.827086 -0.0001
-3.41 0 1.65218 0.826092 -0.0001
-3.4 0 1.65019 0.825097 -0.0001
-3.39 -0.0001 1.6482 0.824099 -0.0001
-3.38 0 1.6462 0.823099 -0.0001
-3.37 0 1.64419 0.822097 -0.0001
-3.36 0 1.64218 0.821092 -0.0001
-3.35 -0.0001 1.64017 0.820086 -0.0001
-3.34 0 1.63815 0.819077 -0.0001
-3.33 0 1.63613 0.818066 -0.0001
-3.32 0 1.63411 0.817053 -0.0001
-3.31 -0.0001 1.63208 0.816038 -0.0001
-3.3 0 1.63004 0.81502 -0.0001
-3.29 0 1.628 0.814 -0.0001
-3.28 0 1.62596 0.812978 -0.0001
-3.27 0 1.62391 0.811954 -0.0001
-3.26 -0.0001 1.62185 0.810927 -0.0001
-3.25 -0.0001 1.6198 0.809898 -0.0001
-3.24 -0.0001 1.61773 0.808867 -0.0001
-3.23 0 1.61567 0.807833 -0.0001
-3.22 0 1.6136 0.806798 -0.0001
-3.21 0 1.61152 0.805759 -0.0001
-3.2 0 1.60944 0.804719 -0.0001
-3.19 0 1.60735 0.803676 -0.0001
-3.18 0 1.60526 0.802631 -0.0001
-3.17 0 1.60317 0.801583 -0.0001
-3.16 -0.0001 1.60107 0.800533 -0.0001
-3.15 0 1.59896 0.799481 -0.0001
-3.14 0 1.59685 0.798426 -0.0001
-3.13 0 1.59474 0.797369 -0.0001
-3.12 0 1.59262 0.796309 -0.0001
-3.11 0 1.59049 0.795247 -0.0001
-3.1 -0.0001 1.58837 0.794183 -0.0001
-3.09 -0.0001 1.58623 0.793116 -0.0001
-3.08 0 1.58409 0.792046 -0.0001
-3.07 -0.0001 1.58195 0.790974 -0.0001
-3.06 -0.0001 1.5798 0.7899 -0.0001
-3.05 -0.0001 1.57765 0.788823 -0.0001
-3.04 0 1.57549 0.787743 -0.0001
-3.03 0 1.57332 0.786661 -0.0001
-3.02 0 1.57115 0.785577 -0.0001
-3.01 -0.0001 1.56898 0.784489 -0.0001
-3 0 1.5668 0.7834 -0.0001
-2.99 0 1.56461 0.782307 -0.0001
-2.98 -0.0001 1.56242 0.781212 -0.0001
-2.97 -0.0001 1.56023 0.780115 -0.0001
-2.96 0 1.55803 0.779014 -0.0001
-2.95 -0.0001 1.55582 0.777911 -0.0001
-2.94 -0.0001 1.55361 0.776806 -0.0001
-2.93 0 1.5514 0.775698 -0.0001
-2.92 0 1.54917 0.774587 -0.0001
-2.91 0 1.54695 0.773473 -0.0001
-2.9 0 1.54471 0.772357 -0.0001
-2.89 0 1.54247 0.771237 -0.0001
-2.88 -0.0001 1.54023 0.770116 -0.0001
-2.87 -0.0001 1.53798 0.768991 -0.0001
-2.86 -0.0001 1.53573 0.767863 -0.0001
-2.85 -0.0001 1.53347 0.766733 -0.0001
-2.84 0 1.5312 0.7656 -0.0001
-2.83 -0.0001 1.52893 0.764464 -0.0001
-2.82 0 1.52665 0.763326 -0.0001
-2.81 0 1.52437 0.762184 -0.0001
-2.8 0 1.52208 0.76104 -0.0001
-2.79 0 1.51978 0.759892 -0.0001
-2.78 -0.0001 1.51748 0.758742 -0.0001
-2.77 0 1.51518 0.757589 -0.0001
-2.76 0 1.51287 0.756433 -0.0001
-2.75 0 1.51055 0.755274 -0.0001
-2.74 0 1.50822 0.754112 -0.0001
-2.73 0 1.50589 0.752947 -0.0001
-2.72 0 1.50356 0.751779 -0.0001
-2.71 0 1.50122 0.750608 -0.0001
-2.7 -0.0001 1.49887 0.749434 -0.0001
-2.69 0 1.49651 0.748257 -0.0001
-2.68 0 1.49415 0.747077 -0.0001
-2.67 0 1.49179 0.745893 -0.0001
-2.66 -0.0001 1.48941 0.744707 -0.0001
-2.65 0 1.48703 0.743517 -0.0001
-2.64 0 1.48465 0.742325 -0.0001
-2.63 0 1.48226 0.741129 -0.0001
-2.62 0 1.47986 0.73993 -0.0001
-2.61 0 1.47746 0.738728 -0.0001
-2.6 0 1.47504 0.737522 -0.0001
-2.59 -0.0001 1.47263 0.736314 -0.0001
-2.58 -0.0001 1.4702 0.735102 -0.0001
-2.57 0 1.46777 0.733887 -0.0001
-2.56 0 1.46534 0.732668 -0.0001
-2.55 0 1.46289 0.731446 -0.0001
-2.54 -0.0001 1.46044 0.730221 -0.0001
-2.53 -0.0001 1.45799 0.728993 -0.0001
-2.52 0 1.45552 0.727761 -0.0001
-2.51 0 1.45305 0.726526 -0.0001
-2.5 0 1.45057 0.725287 -0.0001
-2.49 0 1.44809 0.724045 -0.0001
-2.48 -0.0001 1.4456 0.7228 -0.0001
-2.47 0 1.4431 0.721551 -0.0001
-2.46 0 1.4406 0.720298 -0.0001
-2.45 0 1.43808 0.719042 -0.0001
-2.44 0 1.43557 0.717783 -0.0001
-2.43 0 1.43304 0.716519 -0.0001
-2.42 0 1.43051 0.715253 -0.0001
-2.41 0 1.42796 0.713982 -0.0001
-2.4 0 1.42542 0.712708 -0.0001
-2.39 0 1.42286 0.711431 -0.0001
-2.38 -0.0001 1.4203 0.71015 -0.0001
-2.37 0 1.41773 0.708865 -0.0001
-2.36 -0.0001 1.41515 0.707576 -0.0001
-2.35 0 1.41257 0.706283 -0.0001
-2.34 0 1.40997 0.704987 -0.0001
-2.33 0 1.40737 0.703687 -0.0001
-2.32 0 1.40477 0.702383 -0.0001
-2.31 0 1.40215 0.701076 -0.0001
-2.3 0 1.39953 0.699764 -0.0001
-2.29 0 1.3969 0.698449 -0.0001
-2.28 0 1.39426 0.697129 -0.0001
-2.27 -0.0001 1.39161 0.695806 -0.0001
-2.26 -0.0001 1.38896 0.694479 -0.0001
-2.25 -0.0001 1.38629 0.693147 -0.0001
-2.24 0 1.38362 0.691812 -0.0001
-2.23 0 1.38094 0.690472 -0.0001
-2.22 0 1.37826 0.689129 -0.0001
-2.21 0 1.37556 0.687781 -0.0001
-2.2 0 1.37286 0.68643 -0.0001
-2.19 0 1.37015 0.685074 -0.0001
-2.18 0 1.36743 0.683714 -0.0001
-2.17 0 1.3647 0.682349 -0.0001
-2.16 0 1.36196 0.680981 -0.0001
-2.15 -0.0001 1.35922 0.679608 -0.0001
-2.14 -0.0001 1.35646 0.678231 -0.0001
-2.13 0 1.3537 0.676849 -0.0001
-2.12 0 1.35093 0.675463 -0.0001
-2.11 0 1.34815 0.674073 -0.0001
-2.1 0 1.34536 0.672678 -0.0001
-2.09 -0.0001 1.34256 0.671279 -0.0001
-2.08 0 1.33975 0.669875 -0.0001
-2.07 -0.0001 1.33693 0.668467 -0.0001
-2.06 0 1.33411 0.667054 -0.0001
-2.05 -0.0001 1.33127 0.665636 -0.0001
-2.04 0 1.32843 0.664214 -0.0001
-2.03 -0.0001 1.32558 0.662788 -0.0001
-2.02 0 1.32271 0.661356 -0.0001
-2.01 -0.0001 1.31984 0.65992 -0.0001
-2 0 1.31696 0.658479 0
-1.99 0 1.31407 0.657033 -0.0001
-1.98 0 1.31117 0.655583 -0.0001
-1.97 0 1.30825 0.654127 -0.0001
-1.96 0 1.30533 0.652667 -0.0001
-1.95 0 1.3024 0.651201 -0.0001
-1.94 0 1.29946 0.649731 -0.0001
-1.93 0 1.29651 0.648255 -0.0001
-1.92 0 1.29355 0.646775 -0.0001
-1.91 0 1.29058 0.645289 -0.0001
-1.9 0 1.2876 0.643798 -0.0001
-1.89 0 1.2846 0.642302 -0.0001
-1.88 -0.0001 1.2816 0.640801 -0.0001
-1.87 0 1.27859 0.639295 -0.0001
-1.86 0 1.27557 0.637783 -0.0001
-1.85 0 1.27253 0.636266 -0.0001
-1.84 0 1.26949 0.634743 -0.0001
-1.83 0 1.26643 0.633215 -0.0001
-1.82 0 1.26336 0.631682 -0.0001
-1.81 -0.0001 1.26029 0.630143 -0.0001
-1.8 0 1.2572 0.628598 -0.0001
-1.79 0 1.2541 0.627048 -0.0001
-1.78 0 1.25098 0.625492 -0.0001
-1.77 0 1.24786 0.62393 -0.0001
-1.76 0 1.24473 0.622363 -0.0001
-1.75 0 1.24158 0.620789 -0.0001
-1.74 0 1.23842 0.61921 -0.0001
-1.73 0 1.23525 0.617625 -0.0001
-1.72 0 1.23207 0.616034 -0.0001
-1.71 0 1.22887 0.614437 -0.0001
-1.7 0 1.22567 0.612834 -0.0001
-1.69 0 1.22245 0.611224 -0.0001
-1.68 0 1.21922 0.609609 -0.0001
-1.67 0 1.21597 0.607987 -0.0001
-1.66 0 1.21272 0.606359 -0.0001
-1.65 0 1.20945 0.604725 -0.0001
-1.64 -0.0001 1.20617 0.603084 -0.0001
-1.63 0 1.20287 0.601437 -0.0001
-1.62 0 1.19957 0.599783 -0.0001
-1.61 0 1.19624 0.598122 -0.0001
-1.6 0 1.19291 0.596455 -0.0001
-1.59 0 1.18956 0.594782 -0.0001
-1.58 0 1.1862 0.593101 -0.0001
-1.57 0 1.18283 0.591414 -0.0001
-1.56 0 1.17944 0.589719 -0.0001
-1.55 0 1.17604 0.588018 -0.0001
-1.54 0 1.17262 0.58631 -0.0001
-1.53 0 1.16919 0.584595 -0.0001
-1.52 0 1.16574 0.582872 -0.0001
-1.51 0 1.16228 0.581142 -0.0001
-1.5 0 1.15881 0.579405 -0.0001
-1.49 0 1.15532 0.577661 -0.0001
-1.48 0 1.15182 0.575909 -0.0001
-1.47 0 1.1483 0.574149 -0.0001
-1.46 0 1.14476 0.572382 -0.0001
-1.45 0 1.14121 0.570607 -0.0001
-1.44 0 1.13765 0.568825 -0.0001
-1.43 0 1.13407 0.567035 -0.0001
-1.42 0 1.13047 0.565236 -0.0001
-1.41 0 1.12686 0.56343 -0.0001
-1.4 0 1.12323 0.561615 -0.0001
-1.39 0 1.11959 0.559793 -0.0001
-1.38 0 1.11592 0.557962 -0.0001
-1.37 0 1.11225 0.556123 -0.0001
-1.36 0 1.10855 0.554275 -0.0001
-1.35 -0.0001 1.10484 0.552419 -0.0001
-1.34 -0.0001 1.10111 0.550554 -0.0001
-1.33 0 1.09736 0.548681 -0.0001
-1.32 0 1.0936 0.546798 -0.0001
-1.31 0 1.08981 0.544907 -0.0001
-1.3 -0.0001 1.08601 0.543007 -0.0001
-1.29 0 1.08219 0.541097 -0.0001
-1.28 -0.0001 1.07836 0.539179 -0.0001
-1.27 0 1.0745 0.537251 -0.0001
-1.26 -0.0001 1.07063 0.535313 -0.0001
-1.25 -0.0001 1.06673 0.533366 -0.0001
-1.24 0 1.06282 0.53141 -0.0001
-1.23 0 1.05889 0.529443 -0.0001
-1.22 0 1.05493 0.527467 -0.0001
-1.21 0 1.05096 0.52548 -0.0001
-1.2 -0.0001 1.04697 0.523484 -0.0001
-1.19 0 1.04295 0.521477 -0.0001
-1.18 -0.0001 1.03892 0.51946 -0.0001
-1.17 0 1.03486 0.517432 -0.0001
-1.16 0 1.03079 0.515394 -0.0001
-1.15 0 1.02669 0.513345 -0.0001
-1.14 0 1.02257 0.511285 -0.0001
-1.13 0 1.01843 0.509214 -0.0001
-1.12 0 1.01426 0.507131 -0.0001
-1.11 0 1.01008 0.505038 -0.0001
-1.1 0 1.00587 0.502933 -0.0001
-1.09 0 1.00163 0.500816 -0.0001
-1.08 0 0.997374 0.498687 -0.0001
-1.07 0 0.993093 0.496546 -0.0001
-1.06 0 0.988787 0.494394 -0.0001
-1.05 0 0.984457 0.492228 -0.0001
-1.04 0 0.980102 0.490051 -0.0001
-1.03 0 0.975721 0.487861 -0.0001
-1.02 -0.0001 0.971315 0.485657 -0.0001
-1.01 -0.0001 0.966882 0.483441 -0.0001
-1 -0.0001 0.962424 0.481212 -0.0001
-0.99 0 0.957938 0.478969 -0.0001
-0.98 0 0.953425 0.476713 -0.0001
-0.97 0 0.948885 0.474442 -0.0001
-0.96 0 0.944316 0.472158 -0.0001
-0.95 0 0.939719 0.46986 -0.0001
-0.94 0 0.935093 0.467547 -0.0001
-0.93 0 0.930438 0.465219 -0.0001
-0.92 0 0.925753 0.462876 -0.0001
-0.91 0 0.921037 0.460519 -0.0001
-0.9 0 0.916291 0.458145 -0.0001
-0.89 0 0.911513 0.455757 -0.0001
-0.88 0 0.906704 0.453352 -0.0001
-0.87 0 0.901862 0.450931 -0.0001
-0.86 -0.0001 0.896987 0.448494 -0.0001
-0.85 0 0.892079 0.446039 -0.0001
-0.84 0 0.887137 0.443568 -0.0001
-0.83 0 0.88216 0.44108 -0.0001
-0.82 -0.0001 0.877147 0.438574 -0.0001
-0.81 0 0.872099 0.43605 -0.0001
-0.8 0 0.867015 0.433507 -0.0001
-0.79 0 0.861893 0.430946 -0.0001
-0.78 0 0.856733 0.428367 -0.0001
-0.77 0 0.851535 0.425767 -0.0001
-0.76 0 0.846297 0.423149 -0.0001
-0.75 0 0.841019 0.42051 -0.0001
-0.74 0 0.835701 0.41785 -0.0001
-0.73 0 0.83034 0.41517 -0.0001
-0.72 0 0.824937 0.412469 -0.0001
-0.71 0 0.819491 0.409745 -0.0001
-0.7 0 0.814 0.407 -0.0001
-0.69 0 0.808464 0.404232 -0.0001
-0.68 0 0.802882 0.401441 -0.0001
-0.67 0 0.797253 0.398626 -0.0001
-0.66 0 0.791575 0.395787 -0.0001
-0.65 0 0.785848 0.392924 -0.0001
-0.64 0 0.780071 0.390035 -0.0001
-0.63 0 0.774242 0.387121 -0.0001
-0.62 0 0.76836 0.38418 -0.0001
-0.61 0 0.762424 0.381212 -0.0001
-0.6 0 0.756433 0.378216 -0.0001
-0.59 0 0.750385 0.375193 -0.0001
-0.58 0 0.744279 0.37214 -0.0001
-0.57 0 0.738113 0.369057 -0.0001
-0.56 0 0.731887 0.365943 -0.0001
-0.55 0 0.725597 0.362799 -0.0001
-0.54 0 0.719243 0.359622 -0.0001
-0.53 0 0.712823 0.356412 -0.0001
-0.52 0 0.706335 0.353168 -0.0001
-0.51 0 0.699777 0.349889 -0.0001
-0.5 0 0.693147 0.346574 -0.0001
-0.49 0 0.686443 0.343222 -0.0001
-0.48 -0.0001 0.679663 0.339831 -0.0001
-0.47 0 0.672804 0.336402 -0.0001
-0.46 0 0.665864 0.332932 -0.0001
-0.45 0 0.65884 0.32942 -0.0001
-0.44 0 0.651729 0.325865 -0.0001
-0.43 -0.0001 0.64453 0.322265 -0.0001
-0.42 0 0.637237 0.318619 -0.0001
-0.41 0 0.62985 0.314925 -0.0001
-0.4 0 0.622363 0.311181 -0.0001
-0.39 0 0.614773 0.307386 -0.0001
-0.38 0 0.607076 0.303538 -0.0001
-0.37 0 0.599269 0.299634 -0.0001
-0.36 0 0.591346 0.295673 -0.0001
-0.35 0 0.583303 0.291652 -0.0001
-0.34 0 0.575136 0.287568 -0.0001
-0.33 0 0.566837 0.283419 -0.0001
-0.32 -0.0001 0.558402 0.279201 -0.0001
-0.31 0 0.549825 0.274912 -0.0001
-0.3 0 0.541097 0.270549 -0.0001
-0.29 0 0.532213 0.266106 -0.0001
-0.28 0 0.523164 0.261582 -0.0001
-0.27 0 0.51394 0.25697 -0.0001
-0.26 0 0.504534 0.252267 -0.0001
-0.25 0 0.494933 0.247466 -0.0001
-0.24 0 0.485127 0.242563 -0.0001
-0.23 0 0.475102 0.237551 -0.0001
-0.22 0 0.464845 0.232423 -0.0001
-0.21 0 0.45434 0.22717 -0.0001
-0.2 0 0.443568 0.221784 -0.0001
-0.19 0 0.432511 0.216255 -0.0001
-0.18 0 0.421145 0.210572 -0.0001
-0.17 0 0.409445 0.204722 -0.0001
-0.16 0 0.39738 0.19869 -0.0001
-0.15 0 0.384918 0.192459 -0.0001
-0.14 0 0.372017 0.186008 -0.0001
-0.13 0 0.35863 0.179315 -0.0001
-0.12 0 0.344701 0.172351 -0.0001
-0.11 0 0.330161 0.16508 -0.0001
-0.1 0 0.314925 0.157462 -0.0001
-0.09 0 0.298886 0.149443 -0.0001
-0.08 0 0.281908 0.140954 -0.0001
-0.07 0 0.263809 0.131905 -0.0001
-0.06 0 0.244341 0.12217 -0.0001
-0.05 0 0.223144 0.111572 -0.0001
-0.04 0 0.199668 0.0998341 -0.0001
-0.03 -0.0001 0.172989 0.0864947 -0.0001
-0.02 -0.0001 0.141304 0.0706519 -0.0001
-0.01 -0.0001 0.0999584 0.0499792 -0.0001
-6.23078e-14 -0.0001 2.49615e-07 1.24808e-07 -0.0001
0.01 0.0999584 0 0.0499792 0.0320122
0.02 0.141304 0 0.0706519 0.0419105
0.03 0.172989 0 0.0864947 0.0454124
0.04 0.199668 0 0.0998341 0.063279
0.05 0.223144 0 0.111572 0.0711337
0.06 0.244341 0 0.12217 0.0724028
0.07 0.263809 0 0.131905 0.0749484
0.08 0.281908 0 0.140954 0.085355
0.09 0.298886 0 0.149443 0.0859138
0.1 0.314925 -0.0001 0.157462 0.0803375
0.11 0.330161 0 0.16508 0.0935413
0.12 0.344701 0 0.172351 0.0967599
0.13 0.35863 -0.0001 0.179315 0.067683
0.14 0.372017 0 0.186008 0.109344
0.15 0.384918 0 0.192459 0.116662
0.16 0.39738 -0.0001 0.19869 0.116016
0.17 0.409445 -0.0001 0.204722 0.118999
0.18 0.421145 0 0.210572 0.122373
0.19 0.432511 -0.0001 0.216255 0.131754
0.2 0.443568 0 0.221784 0.109509
0.21 0.45434 0 0.22717 0.111173
0.22 0.464845 -0.0001 0.232423 0.138597
0.23 0.475102 0 0.237551 0.101473
0.24 0.485127 -0.0001 0.242563 0.140212
0.25 0.494933 0 0.247466 0.151247
0.26 0.504534 0 0.252267 0.152183
0.27 0.51394 0 0.25697 0.147128
0.28 0.523164 0 0.261582 0.161974
0.29 0.532213 -0.0001 0.266106 0.151838
0.3 0.541097 -0.0001 0.270549 0.148479
0.31 0.549825 0 0.274912 0.141062
0.32 0.558402 -0.0001 0.279201 0.142598
0.33 0.566837 0 0.283419 0.131228
0.34 0.575136 0 0.287568 0.170823
0.35 0.583303 0 0.291652 0.165542
0.36 0.591346 -0.0001 0.295673 0.13669
0.37 0.599269 -0.0001 0.299634 0.147999
0.38 0.607076 0 0.303538 0.155716
0.39 0.614773 -0.0001 0.307386 0.183076
0.4 0.622363 0 0.311181 0.177822
0.41 0.62985 0 0.314925 0.169325
0.42 0.637237 -0.0001 0.318619 0.174289
0.43 0.64453 -0.0001 0.322265 0.175513
0.44 0.651729 -0.0001 0.325865 0.15077
0.45 0.65884 0 0.32942 0.201275
0.46 0.665864 -0.0001 0.332932 0.175723
0.47 0.672804 0 0.336402 0.210967
0.48 0.679663 0 0.339831 0.127578
0.49 0.686443 0 0.343222 0.212396
0.5 0.693147 0 0.346574 0.192262
0.51 0.699777 -0.0001 0.349889 0.218798
0.52 0.706335 0 0.353168 0.20895
0.53 0.712823 -0.0001 0.356412 0.208991
0.54 0.719243 0 0.359622 0.181098
0.55 0.725597 0 0.362799 0.216933
0.56 0.731887 0 0.365943 0.228966
0.57 0.738113 -0.0001 0.369057 0.209097
0.58 0.744279 0 0.37214 0.219208
0.59 0.750385 0 0.375193 0.215377
0.6 0.756433 0 0.378216 0.212775
0.61 0.762424 -0.0001 0.381212 0.121982
0.62 0.76836 0 0.38418 0.196727
0.63 0.774242 0 0.387121 0.223251
0.64 0.780071 0 0.390035 0.17012
0.65 0.785848 0 0.392924 0.200188
0.66 0.791575 0 0.395787 0.202502
0.67 0.797253 0 0.398626 0.199885
0.68 0.802882 0 0.401441 0.190684
0.69 0.808464 -0.0001 0.404232 0.177218
0.7 0.814 0 0.407 0.243297
0.71 0.819491 -0.0001 0.409745 0.22528
0.72 0.824937 0 0.412469 0.233951
0.73 0.83034 0 0.41517 0.260383
0.74 0.835701 0 0.41785 0.223615
0.75 0.841019 0 0.42051 0.295922
0.76 0.846297 0 0.423149 0.292733
0.77 0.851535 0 0.425767 0.31251
0.78 0.856733 0 0.428367 0.292316
0.79 0.861893 -0.0001 0.430946 0.315001
0.8 0.867015 0 0.433507 0.299184
0.81 0.872099 -0.0001 0.43605 0.257196
0.82 0.877147 0 0.438574 0.279164
0.83 0.88216 -0.0001 0.44108 0.275865
0.84 0.887137 0 0.443568 0.270983
0.85 0.892079 0 0.446039 0.241314
0.86 0.896987 0 0.448494 0.292171
0.87 0.901862 0 0.450931 0.248488
0.88 0.906704 0 0.453352 0.298442
0.89 0.911513 0 0.455757 0.296222
0.9 0.916291 0 0.458145 0.251834
0.91 0.921037 0 0.460519 0.289453
0.92 0.925753 0 0.462876 0.251932
0.93 0.930438 -0.0001 0.465219 0.214177
0.94 0.935093 0 0.467547 0.211543
0.95 0.939719 -0.0001 0.46986 0.29814
0.96 0.944316 0 0.472158 0.318262
0.97 0.948885 -0.0001 0.474442 0.209406
0.98 0.953425 0 0.476713 0.306254
0.99 0.957938 0 0.478969 0.295939
1 0.962424 0 0.481212 0.318816
1.01 0.966882 0 0.483441 0.271631
1.02 0.971315 0 0.485657 0.311956
1.03 0.975721 0 0.487861 0.298017
1.04 0.980102 0 0.490051 0.27171
1.05 0.984457 0 0.492228 0.461985
1.06 0.988787 0 0.494394 0.278724
1.07 0.993093 -0.0001 0.496546 0.226719
1.08 0.997374 -0.0001 0.498687 0.223557
1.09 1.00163 0 0.500816 0.333101
1.1 1.00587 0 0.502933 0.277495
1.11 1.01008 0 0.505038 0.307224
1.12 1.01426 0 0.507131 0.364134
1.13 1.01843 0 0.509214 0.330055
1.14 1.02257 0 0.511285 0.366804
1.15 1.02669 0 0.513345 0.361812
1.16 1.03079 0 0.515394 0.308965
1.17 1.03486 -0.0001 0.517432 0.355645
1.18 1.03892 0 0.51946 0.366229
1.19 1.04295 0 0.521477 0.465829
1.2 1.04697 0 0.523484 0.402806
1.21 1.05096 0 0.52548 0.384991
1.22 1.05493 0 0.527467 0.406727
1.23 1.05889 0 0.529443 0.473982
1.24 1.06282 0 0.53141 0.540651
1.25 1.06673 0 0.533366 0.403046
1.26 1.07063 -0.0001 0.535313 0.523355
1.27 1.0745 0 0.537251 0.542484
1.28 1.07836 0 0.539179 0.570516
1.29 1.08219 0 0.541097 0.465475
1.3 1.08601 -0.0001 0.543007 0.426397
1.31 1.08981 0 0.544907 0.449821
1.32 1.0936 0 0.546798 0.594441
1.33 1.09736 -0.0001 0.548681 0.56865
1.34 1.10111 0 0.550554 0.583477
1.35 1.10484 -0.0001 0.552419 0.491376
1.36 1.10855 0 0.554275 0.316225
1.37 1.11225 0 0.556123 0.568197
1.38 1.11592 0 0.557962 0.587856
1.39 1.11959 -0.0001 0.559793 0.602712
1.4 1.12323 0 0.561615 0.474764
1.41 1.12686 0 0.56343 0.539735
1.42 1.13047 0 0.565236 0.596106
1.43 1.13407 0 0.567035 0.606301
1.44 1.13765 0 0.568825 0.575031
1.45 1.14121 -0.0001 0.570607 0.610563
1.46 1.14476 0 0.572382 0.617172
1.47 1.1483 -0.0001 0.574149 0.627167
1.48 1.15182 0 0.575909 0.621312
1.49 1.15532 -0.0001 0.577661 0.605574
1.5 1.15881 -0.0001 0.579405 0.630969
1.51 1.16228 0 0.581142 0.602944
1.52 1.16574 0 0.582872 0.334153
1.53 1.16919 0 0.584595 0.621736
1.54 1.17262 0 0.58631 0.589451
1.55 1.17604 0 0.588018 0.452482
1.56 1.17944 -0.0001 0.589719 0.464751
1.57 1.18283 0 0.591414 0.631059
1.58 1.1862 -0.0001 0.593101 0.546645
1.59 1.18956 -0.0001 0.594782 0.63359
1.6 1.19291 0 0.596455 0.63449
1.61 1.19624 0 0.598122 0.555038
1.62 1.19957 0 0.599783 0.640537
1.63 1.20287 0 0.601437 0.548044
1.64 1.20617 0 0.603084 0.584053
1.65 1.20945 0 0.604725 0.623992
1.66 1.21272 0 0.606359 0.647878
1.67 1.21597 0 0.607987 0.574339
1.68 1.21922 0 0.609609 0.640861
1.69 1.22245 0 0.611224 0.64049
1.7 1.22567 0 0.612834 0.63617
1.71 1.22887 0 0.614437 0.520339
1.72 1.23207 0 0.616034 0.64995
1.73 1.23525 -0.0001 0.617625 0.416979
1.74 1.23842 -0.0001 0.61921 0.638018
1.75 1.24158 0 0.620789 0.626479
1.76 1.24473 0 0.622363 0.508631
1.77 1.24786 0 0.62393 0.638472
1.78 1.25098 0 0.625492 0.16414
1.79 1.2541 0 0.627048 0.61849
1.8 1.2572 0 0.628598 0.618482
1.81 1.26029 0 0.630143 0.62901
1.82 1.26336 -0.0001 0.631682 0.657825
1.83 1.26643 0 0.633215 0.660274
1.84 1.26949 0 0.634743 0.663452
1.85 1.27253 0 0.636266 0.61317
1.86 1.27557 0 0.637783 0.213361
1.87 1.27859 0 0.639295 0.621153
1.88 1.2816 0 0.640801 0.67379
1.89 1.2846 0 0.642302 0.584345
1.9 1.2876 0 0.643798 0.587286
1.91 1.29058 0 0.645289 0.676061
1.92 1.29355 0 0.646775 0.64931
1.93 1.29651 -0.0001 0.648255 0.677114
1.94 1.29946 -0.0001 0.649731 0.654528
1.95 1.3024 0 0.651201 0.671219
1.96 1.30533 0 0.652667 0.690874
1.97 1.30825 -0.0001 0.654127 0.630217
1.98 1.31117 0 0.655583 0.694712
1.99 1.31407 -0.0001 0.657033 0.673114
2 1.31696 0 0.658479 0.669753
2.01 1.31984 0 0.65992 0.684792
2.02 1.32271 0 0.661356 0.698141
2.03 1.32558 0 0.662788 0.532322
2.04 1.32843 -0.0001 0.664214 0.703393
2.05 1.33127 -0.0001 0.665636 0.670562
2.06 1.33411 0 0.667054 0.144704
2.07 1.33693 0 0.668467 0.615765
2.08 1.33975 -0.0001 0.669875 0.704996
2.09 1.34256 -0.0001 0.671279 0.703842
2.1 1.34536 0 0.672678 0.705239
2.11 1.34815 0 0.674073 0.680963
2.12 1.35093 -0.0001 0.675463 0.684303
2.13 1.3537 0 0.676849 0.691607
2.14 1.35646 0 0.678231 0.713345
2.15 1.35922 0 0.679608 0.601594
2.16 1.36196 0 0.680981 0.704117
2.17 1.3647 0 0.682349 0.674106
2.18 1.36743 0 0.683714 0.646819
2.19 1.37015 0 0.685074 0.681136
2.2 1.37286 -0.0001 0.68643 0.694505
2.21 1.37556 0 0.687781 0.539217
2.22 1.37826 0 0.689129 0.529172
2.23 1.38094 0 0.690472 0.70429
2.24 1.38362 0 0.691812 0.691819
2.25 1.38629 0 0.693147 0.713558
2.26 1.38896 -0.0001 0.694479 0.00644255
2.27 1.39161 -0.0001 0.695806 0.696134
2.28 1.39426 0 0.697129 0.680811
2.29 1.3969 0 0.698449 0.695112
2.3 1.39953 -0.0001 0.699764 0.666574
2.31 1.40215 0 0.701076 0.667511
2.32 1.40477 0 0.702383 0.655406
2.33 1.40737 0 0.703687 0.669673
2.34 1.40997 0 0.704987 0.738877
2.35 1.41257 -0.0001 0.706283 0.6206
2.36 1.41515 -0.0001 0.707576 0.490646
2.37 1.41773 0 0.708865 0.720677
2.38 1.4203 -0.0001 0.71015 0.672012
2.39 1.42286 0 0.711431 0.6745
2.4 1.42542 0 0.712708 0.587186
2.41 1.42796 -0.0001 0.713982 0.688736
2.42 1.43051 -0.0001 0.715253 0.58004
2.43 1.43304 0 0.716519 0.629513
2.44 1.43557 0 0.717783 0.569249
2.45 1.43808 0 0.719042 0.677308
2.46 1.4406 0 0.720298 0.683838
2.47 1.4431 -0.0001 0.721551 0.0362802
2.48 1.4456 0 0.7228 0.394649
2.49 1.44809 0 0.724045 0.69405
2.5 1.45057 -0.0001 0.725287 0.643143
2.51 1.45305 0 0.726526 0.68282
2.52 1.45552 0 0.727761 0.597296
2.53 1.45799 0 0.728993 0.600361
2.54 1.46044 0 0.730221 0.677077
2.55 1.46289 -0.0001 0.731446 0.697734
2.56 1.46534 0 0.732668 0.640183
2.57 1.46777 0 0.733887 0.429908
2.58 1.4702 0 0.735102 0.661216
2.59 1.47263 0 0.736314 0.645793
2.6 1.47504 -0.0001 0.737522 0.692634
2.61 1.47746 -0.0001 0.738728 0.705164
2.62 1.47986 0 0.73993 0.617785
2.63 1.48226 0 0.741129 0.675826
2.64 1.48465 0 0.742325 0.64299
2.65 1.48703 0 0.743517 0.578767
2.66 1.48941 -0.0001 0.744707 0.673058
2.67 1.49179 0 0.745893 0.660372
2.68 1.49415 0 0.747077 0.648487
2.69 1.49651 -0.0001 0.748257 0.6357
2.7 1.49887 0 0.749434 0.655833
2.71 1.50122 0 0.750608 0.522489
2.72 1.50356 0 0.751779 0.16784
2.73 1.50589 -0.0001 0.752947 0.682475
2.74 1.50822 0 0.754112 0.658189
2.75 1.51055 0 0.755274 0.474811
2.76 1.51287 0 0.756433 0.646747
2.77 1.51518 0 0.757589 0.684837
2.78 1.51748 0 0.758742 0.679164
2.79 1.51978 0 0.759892 0.65029
2.8 1.52208 0 0.76104 0.669068
2.81 1.52437 0 0.762184 0.650976
2.82 1.52665 0 0.763326 0.664411
2.83 1.52893 0 0.764464 0.669189
2.84 1.5312 0 0.7656 0.674088
2.85 1.53347 0 0.766733 0.660537
2.86 1.53573 -0.0001 0.767863 0.651515
2.87 1.53798 0 0.768991 0.636892
2.88 1.54023 0 0.770116 0.70665
2.89 1.54247 0 0.771237 0.676674
2.9 1.54471 -0.0001 0.772357 0.687633
2.91 1.54695 0 0.773473 0.688144
2.92 1.54917 0 0.774587 0.68801
2.93 1.5514 0 0.775698 0.671711
2.94 1.55361 -0.0001 0.776806 0.702863
2.95 1.55582 0 0.777911 0.719778
2.96 1.55803 0 0.779014 0.696052
2.97 1.56023 0 0.780115 0.699743
2.98 1.56242 -0.0001 0.781212 0.682184
2.99 1.56461 -0.0001 0.782307 0.667708
3 1.5668 -0.0001 0.7834 0.686316
3.01 1.56898 -0.0001 0.784489 0.686637
3.02 1.57115 0 0.785577 0.697659
3.03 1.57332 0 0.786661 0.702279
3.04 1.57549 0 0.787743 0.377791
3.05 1.57765 0 0.788823 0.704699
3.06 1.5798 -0.0001 0.7899 0.71998
3.07 1.58195 0 0.790974 0.616563
3.08 1.58409 0 0.792046 0.716307
3.09 1.58623 -0.0001 0.793116 0.656411
3.1 1.58837 0 0.794183 0.709451
3.11 1.59049 0 0.795247 0.703993
3.12 1.59262 0 0.796309 0.711996
3.13 1.59474 0 0.797369 0.716985
3.14 1.59685 -0.0001 0.798426 0.702534
3.15 1.59896 -0.0001 0.799481 0.677719
3.16 1.60107 -0.0001 0.800533 0.718139
3.17 1.60317 0 0.801583 0.744043
3.18 1.60526 -0.0001 0.802631 0.653286
3.19 1.60735 0 0.803676 0.725039
3.2 1.60944 -0.0001 0.804719 0.714332
3.21 1.61152 0 0.805759 0.210299
3.22 1.6136 2.22045e-16 0.806798 0.723064
3.23 1.61567 0 0.807833 0.709241
3.24 1.61773 0 0.808867 0.739474
3.25 1.6198 0 0.809898 0.728346
3.26 1.62185 -0.0001 0.810927 0.71935
3.27 1.62391 0 0.811954 0.745807
3.28 1.62596 -0.0001 0.812978 0.726227
3.29 1.628 0 0.814 0.605262
3.3 1.63004 0 0.81502 0.745959
3.31 1.63208 -0.0001 0.816038 0.660954
3.32 1.63411 -0.0001 0.817053 0.728481
3.33 1.63613 0 0.818066 0.74183
3.34 1.63815 -0.0001 0.819077 0.745368
3.35 1.64017 0 0.820086 0.744098
3.36 1.64218 0 0.821092 0.737404
3.37 1.64419 -0.0001 0.822097 0.507344
3.38 1.6462 0 0.823099 0.664041
3.39 1.6482 0 0.824099 0.752747
3.4 1.65019 -0.0001 0.825097 0.745431
3.41 1.65218 0 0.826092 0.723793
3.42 1.65417 -0.0001 0.827086 0.683617
3.43 1.65616 0 0.828078 0.689964
3.44 1.65813 0 0.829067 0.763503
3.45 1.66011 0 0.830054 0.752414
3.46 1.66208 0 0.831039 0.715129
3.47 1.66405 -0.0001 0.832023 0.757556
3.48 1.66601 -0.0001 0.833004 0.764402
3.49 1.66797 0 0.833983 0.655009
3.5 1.66992 0 0.83496 0.733377
3.51 1.67187 0 0.835934 0.686122
3.52 1.67381 0 0.836907 0.732855
3.53 1.67576 0 0.837878 0.615715
3.54 1.67769 0 0.838847 0.73131
3.55 1.67963 0 0.839814 0.75294
3.56 1.68156 -0.0001 0.840778 0.648096
3.57 1.68348 0 0.841741 0.786202
3.58 1.6854 0 0.842702 0.782546
3.59 1.68732 0 0.843661 0.77956
3.6 1.68924 -0.0001 0.844618 0.408747
3.61 1.69115 0 0.845573 0.778751
3.62 1.69305 0 0.846526 0.741282
3.63 1.69495 0 0.847477 0.751366
3.64 1.69685 0 0.848426 0.780808
3.65 1.69875 -0.0001 0.849373 0.550285
3.66 1.70064 -0.0001 0.850318 0.696192
3.67 1.70252 -0.0001 0.851262 0.792887
3.68 1.70441 0 0.852203 0.712771
3.69 1.70629 0 0.853143 0.779792
3.7 1.70816 -0.0001 0.85408 0.729197
3.71 1.71003 0 0.855016 0.768314
3.72 1.7119 -0.0001 0.85595 0.789807
3.73 1.71376 0 0.856882 0.767491
3.74 1.71562 0 0.857812 0.73894
3.75 1.71748 -0.0001 0.858741 0.782216
3.76 1.71933 0 0.859667 0.460836
3.77 1.72118 0 0.860592 0.775273
3.78 1.72303 0 0.861515 0.682529
3.79 1.72487 0 0.862436 0.777861
3.8 1.72671 -0.0001 0.863355 0.72487
3.81 1.72855 -0.0001 0.864273 0.633163
3.82 1.73038 -0.0001 0.865189 0.754447
3.83 1.73221 0 0.866103 0.76748
3.84 1.73403 -0.0001 0.867015 0.672852
3.85 1.73585 0 0.867925 0.754879
3.86 1.73767 -0.0001 0.868834 0.763427
3.87 1.73948 0 0.869741 0.743896
3.88 1.74129 -0.0001 0.870646 0.51047
3.89 1.7431 0 0.871549 0.721356
3.9 1.7449 -0.0001 0.872451 0.782637
3.91 1.7467 0 0.873351 0.739049
3.92 1.7485 -0.0001 0.874249 0.794199
3.93 1.75029 0 0.875145 0.64571
3.94 1.75208 -0.0001 0.87604 0.758716
3.95 1.75387 0 0.876933 0.772641
3.96 1.75565 -0.0001 0.877825 0.770867
3.97 1.75743 -0.0001 0.878714 0.768656
3.98 1.7592 -0.0001 0.879602 0.782775
3.99 1.76098 0 0.880489 0.742675
4 1.76275 0 0.881374 0.786972
4.01 1.76451 0.0999584 0.932236 0.784069
4.02 1.76628 0.141304 0.95379 0.783891
4.03 1.76804 0.172989 0.970512 0.779638
4.04 1.76979 0.199668 0.98473 0.59951
4.05 1.77154 0.223144 0.997344 0.789449
4.06 1.77329 0.244341 1.00882 0.788203
4.07 1.77504 0.263809 1.01943 0.81014
4.08 1.77678 0.281908 1.02935 0.779678
4.09 1.77852 0.298886 1.03871 0.817633
4.1 1.78026 0.314925 1.04759 0.788513
4.11 1.78199 0.330161 1.05608 0.803803
4.12 1.78373 0.344701 1.06421 0.785647
4.13 1.78545 0.35863 1.07204 0.795575
4.14 1.78718 0.372017 1.0796 0.790368
4.15 1.7889 0.384918 1.08691 0.80111
4.16 1.79062 0.39738 1.094 0.820862
4.17 1.79233 0.409445 1.10089 0.705941
4.18 1.79404 0.421145 1.10759 0.756064
4.19 1.79575 0.432511 1.11413 0.793436
4.2 1.79746 0.443568 1.12051 0.79842
4.21 1.79916 0.45434 1.12675 0.769091
4.22 1.80086 0.464845 1.13285 0.763494
4.23 1.80255 0.475102 1.13883 0.808647
4.24 1.80425 0.485127 1.14469 0.788321
4.25 1.80594 0.494933 1.15044 0.839735
4.26 1.80763 0.504534 1.15608 0.793946
4.27 1.80931 0.51394 1.16163 0.790603
4.28 1.81099 0.523164 1.16708 0.835769
4.29 1.81267 0.532213 1.17244 0.763512
4.3 1.81435 0.541097 1.17772 0.747378
4.31 1.81602 0.549825 1.18292 0.780595
4.32 1.81769 0.558402 1.18804 0.622109
4.33 1.81935 0.566837 1.1931 0.80194
4.34 1.82102 0.575136 1.19808 0.696311
4.35 1.82268 0.583303 1.20299 0.85445
4.36 1.82434 0.591346 1.20784 0.732972
4.37 1.82599 0.599269 1.21263 0.793839
4.38 1.82764 0.607076 1.21736 0.856963
4.39 1.82929 0.614773 1.22203 0.834025
4.4 1.83094 0.622363 1.22665 0.81754
4.41 1.83258 0.62985 1.23122 0.699292
4.42 1.83422 0.637237 1.23573 0.846805
4.43 1.83586 0.64453 1.24019 0.775972
4.44 1.83749 0.651729 1.24461 0.793067
4.45 1.83913 0.65884 1.24898 0.843674
4.46 1.84076 0.665864 1.25331 0.839455
4.47 1.84238 0.672804 1.25759 0.826559
4.48 1.84401 0.679663 1.26183 0.809016
4.49 1.84563 0.686443 1.26604 0.863323
4.5 1.84725 0.693147 1.2702 0.858264
4.51 1.84886 0.699777 1.27432 0.859051
4.52 1.85047 0.706335 1.2784 0.835058
4.53 1.85208 0.712823 1.28245 0.499062
4.54 1.85369 0.719243 1.28647 0.848765
4.55 1.8553 0.725597 1.29045 0.832016
4.56 1.8569 0.731887 1.29439 0.769588
4.57 1.8585 0.738113 1.29831 0.842152
4.58 1.86009 0.744279 1.30219 0.709338
4.59 1.86169 0.750385 1.30604 0.736518
4.6 1.86328 0.756433 1.30986 0.878453
4.61 1.86487 0.762424 1.31365 0.883348
4.62 1.86645 0.76836 1.31741 0.875648
4.63 1.86804 0.774242 1.32114 0.867507
4.64 1.86962 0.780071 1.32484 0.881855
4.65 1.8712 0.785848 1.32852 0.865937
4.66 1.87277 0.791575 1.33217 0.853778
4.67 1.87434 0.797253 1.3358 0.68895
4.68 1.87591 0.802882 1.3394 0.856946
4.69 1.87748 0.808464 1.34297 0.888109
4.7 1.87905 0.814 1.34652 0.890159
4.71 1.88061 0.819491 1.35005 0.880651
4.72 1.88217 0.824937 1.35355 0.883881
4.73 1.88373 0.83034 1.35703 0.871561
4.74 1.88528 0.835701 1.36049 0.876768
4.75 1.88683 0.841019 1.36393 0.74515
4.76 1.88838 0.846297 1.36734 0.904377
4.77 1.88993 0.851535 1.37073 0.901254
4.78 1.89148 0.856733 1.3741 0.82574
4.79 1.89302 0.861893 1.37746 0.83193
4.8 1.89456 0.867015 1.38079 0.833084
4.81 1.8961 0.872099 1.3841 0.348614
4.82 1.89763 0.877147 1.38739 0.894707
4.83 1.89916 0.88216 1.39066 0.868174
4.84 1.90069 0.887137 1.39392 0.899057
4.85 1.90222 0.892079 1.39715 0.933787
4.86 1.90375 0.896987 1.40037 0.922302
4.87 1.90527 0.901862 1.40357 0.942391
4.88 1.90679 0.906704 1.40675 0.902494
4.89 1.90831 0.911513 1.40991 0.92193
4.9 1.90982 0.916291 1.41306 0.926064
4.91 1.91134 0.921037 1.41619 0.926551
4.92 1.91285 0.925753 1.4193 0.948559
4.93 1.91436 0.930438 1.4224 0.894864
4.94 1.91586 0.935093 1.42548 0.933638
4.95 1.91736 0.939719 1.42854 0.908744
4.96 1.91887 0.944316 1.43159 0.522069
4.97 1.92036 0.948885 1.43462 0.923749
4.98 1.92186 0.953425 1.43764 0.928234
4.99 1.92336 0.957938 1.44065 0.94763
5 1.92485 0.962424 1.44364 0.948518
